5005904306
5005913401
3805030056
3805030123
1505000524
1505000005
3805030135
3005000174
3605000235
2705000023
1305000617
3805030071
3205040802
5005900804
5005913601
5005900503
1505901243
3805030109
3805020021
5005900907
5005913201
3805030055
1605679002
3805030164
5005902602
5005000042
5005904302
3805030073
1605449001
5105950085
3805030041
4905000082
3805030069
3005000170
3805030096
1805000733
3805030096
6105001001
5805026003
3805030101
5805026002
5805026005
4905000098
3805030152
1505000858
5205010101
4905000128
3805030150
6105009004
1305000004
3805030160
3205062604
1305000634
2005000804
3805030170
3805030168
1405000127
5005902807
3805030161
3905560031
4705200001
1605473001
2405000049
2405000052
2205000050
3805030073
4905000100
5005904303
5005900906
5805026016
5205010201
5005900805
3805030054
3805030075
3905560004
1505000486
6105005002
5005915902
3905560026
1505000057
3905560031
3805030117
5805026002
1605518001
3805030125
